403	0.4821
404	0.48582
405	0.49252
406	0.49922
407	0.50592
408	0.51262
409	0.51932
410	0.52601
411	0.53271
412	0.53941
413	0.54531
414	0.55201
415	0.55825
416	0.56461
417	0.57052
418	0.57651
419	0.58232
420	0.58894
421	0.59413
422	0.60033
423	0.60593
424	0.61104
425	0.61675
426	0.62227
427	0.62796
428	0.63306
429	0.63813
430	0.64316
431	0.64818
432	0.65321
433	0.65823
434	0.66325
435	0.66774
436	0.67251
437	0.67753
438	0.68177
439	0.68599
440	0.69021
441	0.69444
442	0.69835
443	0.70169
444	0.70504
445	0.70998
446	0.71333
447	0.71668
448	0.72003
449	0.72338
450	0.72514
451	0.72849
452	0.73184
453	0.73519
454	0.73854
455	0.74029
456	0.74364
457	0.74699
458	0.74875
459	0.7521
460	0.75386
461	0.75721
462	0.75897
463	0.76232
464	0.76407
465	0.76742
466	0.76918
467	0.77247
468	0.77429
469	0.77605
470	0.77884
471	0.78115
472	0.78291
473	0.7852
474	0.78679
475	0.78978
476	0.79154
477	0.79329
478	0.79634
479	0.7984
480	0.80016
481	0.8027
482	0.80527
483	0.80748
484	0.81037
485	0.81213
486	0.81389
487	0.81724
488	0.819
489	0.8218
490	0.82411
491	0.82657
492	0.82921
493	0.83134
494	0.83432
495	0.83612
496	0.83943
497	0.84119
498	0.84453
499	0.84629
500	0.84964
501	0.85203
502	0.85475
503	0.8581
504	0.85986
505	0.86317
506	0.86496
507	0.86831
508	0.87007
509	0.87342
510	0.87677
511	0.87853
512	0.88188
513	0.88523
514	0.88698
515	0.89033
516	0.8934
517	0.89544
518	0.89879
519	0.90214
520	0.9039
521	0.90725
522	0.9106
523	0.91235
524	0.91567
525	0.91746
526	0.92045
527	0.92204
528	0.92433
529	0.92609
530	0.9284
531	0.92999
532	0.93158
533	0.93394
534	0.93562
535	0.93729
536	0.93954
537	0.94113
538	0.94272
539	0.94431
540	0.94566
541	0.94734
542	0.94901
543	0.95068
544	0.95227
545	0.95324
546	0.95492
547	0.95659
548	0.95747
549	0.95914
550	0.96022
551	0.9617
552	0.96258
553	0.9642
554	0.96513
555	0.96601
556	0.96738
557	0.96856
558	0.96944
559	0.97056
560	0.972
561	0.97288
562	0.97375
563	0.97534
564	0.97631
565	0.97772
566	0.97886
567	0.97974
568	0.98091
569	0.9823
570	0.98397
571	0.98485
572	0.98573
573	0.9874
574	0.98828
575	0.98996
576	0.99084
577	0.99204
578	0.99339
579	0.99506
580	0.99594
581	0.99682
582	0.9977
583	0.9992
584	0.9992
585	0.99954
586	1
587	1
588	1
589	1
590	1
591	1
592	1
593	1
594	1
595	1
596	1
597	1
598	1
599	0.99929
600	0.9992
601	0.9992
602	0.9992
603	0.9992
604	0.9992
605	0.9992
606	0.9992
607	0.9992
608	0.99774
609	0.99761
610	0.99761
611	0.99761
612	0.99761
613	0.99761
614	0.99724
615	0.99602
616	0.99602
617	0.99602
618	0.99602
619	0.99602
620	0.99443
621	0.99443
622	0.99443
623	0.99443
624	0.99322
625	0.99284
626	0.99284
627	0.99218
628	0.99125
629	0.99125
630	0.99113
631	0.98966
632	0.98966
633	0.98929
634	0.98807
635	0.98807
636	0.98745
637	0.98648
638	0.98648
639	0.98488
640	0.98393
641	0.98329
642	0.98217
643	0.98129
644	0.97962
645	0.97852
646	0.97706
647	0.97539
648	0.97372
649	0.97204
650	0.97037
651	0.96869
652	0.96702
653	0.96534
654	0.96287
655	0.9612
656	0.95952
657	0.95706
658	0.95531
659	0.95291
660	0.95123
661	0.94876
662	0.94668
663	0.94462
664	0.94215
665	0.93982
666	0.93721
667	0.93471
668	0.93227
669	0.9296
670	0.92733
671	0.92449
672	0.92239
673	0.91992
674	0.91763
675	0.91498
676	0.91252
677	0.91004
678	0.90757
679	0.90566
680	0.90263
681	0.90055
682	0.89848
683	0.89544
684	0.89354
685	0.89107
686	0.8886
687	0.88682
688	0.88446
689	0.88198
690	0.87995
691	0.87784
692	0.87484
693	0.8729
694	0.87043
695	0.86798
696	0.86622
697	0.86302
698	0.86111
699	0.85887
700	0.8564
701	0.85425
702	0.85146
703	0.84914
704	0.84732
705	0.84405
706	0.84228
707	0.83991
708	0.83717
709	0.83497
710	0.83206
711	0.83003
712	0.82756
713	0.82519
714	0.82262
715	0.82009
716	0.81688
717	0.81498
718	0.81194
719	0.80987
720	0.80652
721	0.80374
722	0.80142
723	0.79807
724	0.79553
725	0.79296
726	0.78961
727	0.78626
728	0.78291
729	0.78079
730	0.7778
731	0.77446
732	0.77111
733	0.76776
734	0.76282
735	0.75947
736	0.75612
737	0.75277
738	0.74783
739	0.74448
740	0.74113
741	0.73778
742	0.73443
743	0.73108
744	0.72773
745	0.72536
746	0.72263
747	0.71928
748	0.71593
749	0.71389
750	0.71082
751	0.70815
752	0.70571
753	0.70241
754	0.7006
755	0.69747
756	0.6955
757	0.69253
758	0.69039
759	0.68839
760	0.68592
761	0.68352
762	0.68177
763	0.6793
764	0.67683
765	0.6749
766	0.67189
767	0.66979
768	0.66644
769	0.66309
770	0.65975
771	0.6564
772	0.65146
773	0.64811
774	0.64375
775	0.63982
776	0.63488
777	0.6306
778	0.62659
779	0.62165
780	0.61758
781	0.61336
782	0.60842
783	0.60507
784	0.60013
785	0.5961
786	0.59184
787	0.58748
788	0.58355
789	0.57885
790	0.57526
791	0.57107
792	0.56697
793	0.56362
794	0.55868
795	0.55533
796	0.55198
797	0.54863
798	0.54369
799	0.54034
800	0.53699
801	0.53364
802	0.53029
803	0.52695
804	0.5236
805	0.52025
806	0.51531
807	0.51196
808	0.50861
809	0.50526
810	0.50191
811	0.49856
812	0.49521
813	0.49186
814	0.48851
815	0.48516
816	0.48181
817	0.47846
818	0.47512
819	0.47177
820	0.46842
821	0.46507
822	0.46172
823	0.45837
824	0.45502
825	0.45167
826	0.44832
827	0.44497
828	0.44162
829	0.43827
830	0.43492
831	0.43158
832	0.42823
833	0.42604
834	0.42153
835	0.41818
836	0.41483
837	0.41148
838	0.40813
839	0.40478
840	0.40143
841	0.39649
842	0.39314
843	0.38979
844	0.38644
845	0.38194
846	0.37961
847	0.3764
848	0.37308
849	0.37129
850	0.36814
851	0.36618
852	0.36399
853	0.36152
854	0.35932
855	0.35738
856	0.35421
857	0.35164
858	0.3491
859	0.34575
860	0.3424
861	0.33905
862	0.3357
863	0.33235
864	0.32901
865	0.32566
866	0.32231
867	0.31737
868	0.31402
869	0.31067
870	0.30732
871	0.30238
872	0.29903
873	0.29462
874	0.29074
875	0.28739
876	0.28404
877	0.28069
878	0.27734
879	0.27399
880	0.27064
881	0.2677
882	0.26554
883	0.26219
884	0.26029
885	0.25708
886	0.25373
887	0.25038
888	0.24802
889	0.24527
890	0.24121
891	0.23698
892	0.23364
893	0.23029
894	0.22555
895	0.222
896	0.21865
897	0.2153
898	0.21195
899	0.2086
900	0.20644
901	0.20349
902	0.20071
903	0.19839
904	0.19656
905	0.19409
906	0.19242
907	0.18995
908	0.188
909	0.1858
910	0.18333
911	0.18114
912	0.17919
913	0.17672
914	0.17427
915	0.17251
916	0.1701
917	0.16741
918	0.16516
919	0.1623
920	0.16022
921	0.15719
922	0.15449
923	0.15208
924	0.14874
925	0.14628
926	0.14363
927	0.14054
928	0.13852
929	0.1356
930	0.13341
931	0.13066
932	0.12831
933	0.12572
934	0.1232
935	0.12078
936	0.11809
937	0.11584
938	0.11337
939	0.11123
940	0.10843
941	0.10612
942	0.10429
943	0.10182
944	0.099348
945	0.097494
946	0.094407
947	0.092733
948	0.090628
949	0.088588
950	0.086913
951	0.084443
952	0.082768
953	0.081094
954	0.078624
955	0.076949
956	0.075274
957	0.0736
958	0.071925
959	0.071046
960	0.069372
961	0.067697
962	0.066818
963	0.065143
964	0.063469
965	0.061794
966	0.060461
967	0.05924
968	0.057566
969	0.055891
970	0.054216
971	0.051782
972	0.050072
973	0.048397
974	0.046508
975	0.044252
976	0.042578
977	0.040903
978	0.038433
979	0.036126
980	0.034288
981	0.032609
982	0.030143
983	0.028469
984	0.025998
985	0.024324
986	0.022649
987	0.020469
988	0.018504
989	0.01683
990	0.015155
991	0.013481
992	0.011806
993	0.010131
994	0.0084566
995	0.0075776
996	0.0059029
997	0.0042283
998	0.0025537
999	0.00087908
1000	0
